Entrez le nom du fichier : test8.txt
aire : 17.287500000000005
perimetre : 17.000000000000007
