Entrez le nom du fichier : test9.txt
aire : 6.275035880209453
perimetre : 11.85226008714165
